188328
73990
101594
49720
64535
144951
111016
160501
86448
190394
182752
119189
13301
69233
54680
33973
172834
98838
108107
83090
2744
176700
141607
97508
61563
144220
67153
126855
152065
157955
8554
14050
132786
10385
65397
143786
119785
122093
188450
170320
47992
44974
85583
138250
69059
67934
101104
84684
132808
107971
21042
98396
186852
15629
11296
151267
86642
175956
153255
118220
155438
110908
174690
33781
119400
78760
85770
107979
67546
2209
161588
69367
148238
143397
83733
164848
17494
149611
95765
103515
93148
41033
149198
191868
44498
146554
132895
181198
129734
29189
92658
123348
190770
185452
50034
24918
24463
108430
81903
99288
103638
168991
47601
65527
85201
79688
36229
127398
7234
98014
120059
171843
24859
36454
80516
54801
89418
55670
70152
111219
148915
166959
112508
75767
26472
106275
28674
10426
35727
177578
98410
31424
75363
54579
107033
1350
108708
53495
61319
68454
81475
95000
174440
83343
154147
163155
167500
141122
14160
175377
119847
103164
135639
131389
23778
73682
174023
188547
15076
100601
149776
142706
51755
122514
146624
161461
179411
80266
106595
45784
179476
62350
4468
150876
178232
4983
76869
107987
127453
46269
122185
185552
181766
56507
1327
72675
5159
150271
99400
157087
14535
86078
79723
177197
118023
36756
76113
145578
148454
145364
70836
26429
23856
108200
144611
36952
130660
74007
149700
84853
97533
159548
74682
1440
74183
23610
14236
136934
22348
166881
129835
19568
124073
19036
99838
119259
123747
167280
69906
93495
106525
110346
19819
88116
191939
121186
192206
94386
45627
41677
114494
58660
50116
168556
11944
53196
38057
33233
52031
119215
146216
177650
34036
83996
141002
177649
109023
90152
31980
69010
155174
114256
43111
127573
183746
189523
96276
50638
170218
2240
56359
173948
150721
107470
94191
147130
58293
175600
60971
33129
3632
115465
108081
85932
157837
17297
13412
136185
77572
192167
117010
60138
154871
142251
39857
123315
124375
179252
16593
142417
143227
37610
182935
195
1565
184710
113011
13531
64746
164743
180092
116835
98628
33864
76705
12777
101074
191926
67111
106535
139830
48824
6361
66160
49174
2131
149853
94489
60813
175062
93195
120380
117138
70766
103005
64514
105995
49272
186544
112310
118493
76717
127337
91042
165471
177735
15736
129027
128266
27370
45163
169538
91415
174982
187956
91126
102611
160634
134232
90181
142634
43556
13306
155661
65792
141436
84648
102352
67581
119423
48247
44227
30506
149235
67393
128236
42572
181743
191634
90048
129322
77935
9756
81526
183674
32760
55575
20950
126585
72467
18091
184078
118585
16741
30468
72962
163368
184350
31285
28881
144665
167820
159398
28719
140810
77201
73743
113519
77842
177906
55452
2429
49876
42839
93924
183284
6961
102600
178456
187690
184224
97919
133069
116582
122130
16582
94786
93456
112951
148374
150367
185019
161088
85952
122083
112138
17194
64124
83720
157091
162682
63717
154026
167748
95885
137613
109731
30479
149465
115508
77218
17647
47358
118695
68051
90217
141657
85391
30101
37502
135837
158943
83169
11010
81811
120250
25613
20833
67931
95792
178968
118642
79416
138360
70974
124575
51378
80091
146430
12783
95512
77260
154114
64611
67946
143054
2460
98994
42849
17919
104387
139058
134034
164358
50837
20444
59997
70616
84217
3986
12889
111162
155049
167153
41222
134895
177861
15881
84963
168128
19268
70508
185399
55965
81644
116520
24992
28716
18490
79207
62763
59083
102926
107648
116442
188901
29455
107464
151704
99061
26066
13402
52236
41412
1472
92529
26501
174533
18876
4256
47330
70800
17020
141046
14316
173665
112200
5014
109200
17130
154439
69833
11596
123506
6857
139835
191282
12798
126755
106763
39222
54598
89294
57247
30415
86078
22979
124409
60078
31110
51894
157086
88522
141977
45607
165045
169729
163321
146890
22883
128273
34353
13923
97222
89515
120313
13054
142930
78251
57878
146178
178318
159448
158275
82129
130416
91298
85675
56155
172658
39362
122040
170771
31045
9564
32508
165173
152087
155231
40168
33294
186224
25143
119536
138781
102306
62638
165454
28224
53782
116357
67375
9451
65775
10044
5431
34734
138337
75617
152092
169958
36682
27710
184793
132456
9435
99967
141971
114983
14782
147047
66223
29968
157614
99808
151142
17745
48905
101223
121684
102132
63905
164614
139495
2041
102088
161440
109971
190064
140316
126182
16372
67627
14792
112239
121589
149180
36391
139961
59309
63552
38380
23798
163211
45222
122403
179349
67919
55298
61160
84957
151667
174964
83205
170105
32540
145474
6436
162944
64091
32330
57097
69962
40102
181039
51229
77598
118838
70845
4190
187696
5455
73387
135835
138575
173308
167989
119939
7893
108631
39184
178513
148902
12596
70242
84693
3791
3344
56904
186541
86221
3330
167784
114597
102704
44950
162686
63484
192142
122611
62029
136450
111679
154742
104860
64548
80152
356
14645
183428
67486
29163
160828
165105
135673
56682
101681
129857
113322
103848
156283
65072
7278
177494
152907
160193
144838
110785
162820
91583
171574
140838
14730
50889
176366
127669
73032
17777
136487
185401
147931
135092
181242
115845
150812
73902
43181
148819
86433
157078
137122
147931
179720
174911
10721
188635
141535
188480
61634
142919
47716
118090
142260
149530
14710
106887
180889
13965
45960
131546
24034
39564
184340
39489
53833
106087
166731
7183
148704
71908
103562
164065
139327
190425
99578
47129
111836
26879
11051
161227
75705
130023
147691
25783
71592
17359
77044
86368
160334
143022
101457
22990
122761
26858
58671
165377
68983
123662
94904
178086
75271
87599
65247
139304
6762
115492
122091
63578
78972
79446
20314
108289
161106
89081
32629
140891
149384
84458
57404
181892
73359
5265
77735
68100
163734
159358
11362
80507
154105
41264
185943
125836
50469
174021
161998
176641
98356
61632
16412
177154
51161
16859
84268
185778
11672
177954
173958
104571
64884
74907
122459
6099
110002
39517
180995
10718
50168
103490
137580
92954
133902
116800
138363
148668
12808
3262
8412
157212
84246
9229
3522
140491
31442
134208
79836
141537
99086
42636
170192
48123
74973
10109
109473
134018
93433
113985
157888
18789
71211
57533
3979
100367
107698
66316
25342
72510
63057
1167
75317
56331
84774
47932
56373
166005
124097
179226
189820
112706
73740
81720
132683
106111
56938
111971
145274
30674
134701
180229
90488
27203
46382
94989
189713
7917
22485
177554
71291
108155
19513
120886
113121
31530
123221
107221
136401
180866
124097
16386
157857
20705
95888
115749
171247
63297
69149
177887
124195
169575
70585
150684
21212
187965
119095
62009
629
138550
11573
158926
67426
44419
122111
49340
163325
36424
64532
66712
31353
114646
3160
158182
3484
60099
13513
135469
110676
24165
97024
145351
158784
128913
27495
139395
183219
56475
188777
137153
86135
105610
54072
129937
141692
51445
123002
100613
174017
130606
152460
125146
173526
72175
177536
151680
67016
163845
148482
31198
3264
55331
148843
128673
2091
143472
158618
134006
41129
140105
90096
118512
494
134422
43924
180778
56650
189105
185772
8316
127790
25121
51613
17902
61432
188196
178899
57318
42461
54753
124690
96019
65476
92733
187206
177605
164230
126124
157259
73794
1133
44487
179667
178094
78339
123003
75932
86645
164655
148100
7192
76705
73900
13061
157963
77755
178282
61599
89350
135023
9363
108411
85495
42582
43411
28678
10889
135381
132298
126604
48476
127890
189649
31829
95275
70347
43176
1401
81102
57041
141916
140474
135230
8819
111704
65028
139311
83805
117156
11736
152535
7263
163111
180574
41989
22189
61606
43081
105290
172692
56527
117300
141426
85385
108706
33629
170886
89706
100010
169127
3236
26728
184814
105098
143630
157612
59507
4000
78379
69037
103996
154646
134606
79206
61162
167335
28660
162624
20898
62666
173660
24405
144472
1069
3552
111459
54941
173284
51191
185433
75224
178401
122876
46261
178927
191041
169494
95403
133474
46005
45351
75299
10686
176658
49262
50345
23454
793
143141
8350
2454
22031
160667
23240
10547
159191
171646
153076
66080
132962
87666
81346
159790
170209
143277
731
97347
132264
118412
11777
69588
181979
5382
74518
71137
6886
190149
71559
160472
25696
89939
78994
180612
150025
152033
176711
3617
47200
156923
93215
152384
90505
7254
19106
7837
122260
127538
111257
89493
4710
155125
169472
124535
92285
154469
149282
89401
110286
170345
155759
63759
47372
70671
80088
72375
69339
191805
70682
21173
35600
35853
24929
149520
94380
56238
98717
55337
130264
69694
118522
34932
68025
31942
180070
128058
177742
89526
163355
162216
177169
143997
158640
26425
77595
171934
11260
174662
33960
96658
33409
162630
36936
169673
92758
29013
168543
167622
166718
9988
86174
104212
174272
89073
126483
44970
123776
47542
131894
118737
135778
44665
143990
23760
37943
78505
40882
85715
89228
127240
183724
181629
159743
84666
108044
91854
175690
138415
160848
20788
87625
129188
126536
180743
138948
157273
148697
174466
169907
106093
159134
168212
55123
47352
27238
27212
43839
16276
159279
161811
113486
95686
55081
163795
186957
115398
148905
101092
35532
69058
97928
162019
119414
152528
10077
162223
87878
16715
160255
111869
107921
40856
41051
61865
116443
29235
123023
171414
10778
57340
61175
135560
69021
40007
64033
150321
5903
109286
148621
175925
140397
13397
50504
114659
150167
76859
181635
70229
34879
134778
67367
177770
79924
179493
61357
43869
144551
88542
79661
116473
164476
158092
141127
48462
38024
73817
184730
95752
182140
15207
160536
32916
26694
30176
8531
111613
21649
123067
121900
166672
130180
127521
128757
2739
14375
130445
133992
182025
111559
303
133052
21059
63809
153625
77718
73733
185887
177474
108711
126194
97736
43714
76274
129019
106725
124689
114347
52744
31469
177984
171601
150697
45959
157336
11018
111743
167219
154280
186355
139238
15959
129080
25673
121585
39904
71750
61788
92060
160572
116685
115354
175268
146228
41716
119064
136580
56675
26111
54378
91194
144066
47147
170657
3245
59312
83054
59470
75733
115739
48420
136540
79098
130188
62342
57868
162829
114268
187279
127001
57589
55535
74503
16974
127804
173801
167863
133291
174922
117027
89021
1624
85490
186219
95862
100721
122770
174564
14296
147106
73187
100978
32894
74902
56948
91438
78236
186310
83753
168437
7172
55411
30202
82938
98483
87706
1784
13732
59507
130557
45014
49292
138378
149751
168980
27922
105427
38239
160445
117103
62165
53246
22438
173328
74040
82879
170703
167630
136317
26069
149774
65093
65556
110292
88893
164553
158983
115609
82122
28405
47191
181730
146476
614
175529
147801
94970
128799
148563
75905
348
1522
30430
113133
109175
94070
150488
34087
48254
163272
164188
27272
79442
122958
7803
60619
31922
159211
82214
104712
87425
28876
50329
24884
129328
170811
140336
176999
47742
15135
23668
149024
62688
52405
17261
159080
157610
79897
2707
187013
175140
37556
129517
163883
5022
81725
64521
91934
178974
78359
16281
144341
33708
31452
59342
36157
79316
189206
173774
21222
149058
70492
84198
127499
114494
155606
2825
123191
13835
48363
67751
115596
45105
98664
103654
67654
165862
163074
173311
75514
64848
63153
130703
31102
153967
127836
98411
11848
30633
65892
39242
100879
31614
92297
99238
159016
77760
162843
14240
22871
182073
1073
161637
65853
128860
170094
161307
74994
138341
5248
10001
22097
182252
133662
24715
129015
12189
163089
37357
163343
142113
163771
157089
131207
152566
81898
102497
161621
158507
68582
53283
60136
111244
112919
142326
11210
122564
129776
158371
47656
124220
10302
36479
26024
48265
126666
134794
143548
63324
1827
36325
122310
167824
101377
163092
157353
191563
161735
36679
174648
105094
51606
153879
105730
156427
19051
1368
6753
108574
89391
86312
65185
186773
94950
33019
75433
105133
83626
78418
67304
1525
20868
39820
6550
90547
55597
187578
126136
134868
14080
72349
17224
136449
12043
81029
165166
119140
49231
121273
86723
132408
162020
115981
107782
92426
62712
188596
171454
166287
101585
172675
125933
75440
105812
29915
182274
178099
45158
86408
24194
88358
171318
80720
57958
71586
107087
136971
86285
40614
23118
24270
57612
119485
81978
190729
120966
16878
142606
28056
143144
35353
18393
82097
148405
47540
179470
65120
132224
46441
20326
24217
18
68271
47586
93116
14506
185314
152324
124560
122445
117090
34214
161211
41662
69323
135851
4083
98616
185604
85748
90802
152703
166705
55539
80319
159909
169982
54448
178168
67568
174720
139661
24005
108463
11087
87552
35392
25026
179097
17961
73258
19386
58094
176328
65481
60410
163385
113900
186824
67758
78839
23674
28623
70977
55063
77223
185007
78658
76045
188816
134853
6209
174919
8073
189767
42260
179204
56781
117081
133496
132174
51314
55982
118674
85980
151735
137894
154973
45976
101191
71553
30314
8428
12672
192152
114991
142239
37745
95496
165493
82100
32937
162918
106192
5448
55299
111984
26514
11178
8659
61470
103301
99413
149515
187670
72013
109945
181140
60362
144472
187155
146896
144350
120262
26639
67999
92022
32212
107396
122289
74404
78085
161639
46079
29203
173444
187535
112512
51585
64154
153585
120888
40332
182531
185602
80671
114450
20673
60353
159634
161396
145805
17001
41772
41483
115435
72541
5227
181767
191761
189275
72780
122446
89494
80135
6940
52419
107414
164678
112953
2485
15692
96302
20971
55632
191974
143456
146519
112673
32492
46748
83391
134452
89285
860
184134
56612
16601
89590
20437
78312
188241
186604
121635
44699
144583
40126
94798
39763
67309
111500
189915
80659
180742
21343
119393
47657
16577
155027
57631
13505
53003
49098
126748
119669
184783
79726
21192
121680
177363
114957
78197
28246
75102
143590
160792
36839
76650
145122
57222
183074
181657
110544
65903
135190
45897
29125
160728
156540
69554
31103
161301
103702
186623
182866
14888
109664
35890
89911
177557
55627
102630
63086
88512
186924
84200
78909
176436
121220
75607
142801
183692
89722
152633
165062
61198
88850
30119
35529
90416
123412
148436
192199
161366
68842
135730
113882
167166
71315
61495
39823
105905
53440
10951
28730
166238
49791
183721
58446
116172
30927
176984
96575
16200
24688
59110
1099
11789
11692
86230
42778
39514
186332
51764
150849
55795
15460
57802
92248
123404
143675
39712
23328
70414
31859
19474
152837
160671
80620
73740
157089
27375
148398
143349
21147
47951
192061
86627
50717
9650
184447
189912
192051
114270
141786
39438
69314
150916
89000
139344
177922
37900
102581
117683
40208
113024
31918
13723
66550
53450
129962
54813
163528
70479
164101
4462
74392
24454
29306
43070
50648
146987
69708
85298
175200
40505
101718
117294
189278
35730
149544
30488
66116
163226
38419
92494
36166
45110
177422
28030
13094
81783
24774
188945
40000
76551
53234
68836
151303
36283
20084
144495
144945
4228
127754
171098
140958
16135
181819
68910
111100
168962
22078
163261
172574
117380
33274
132802
162271
151306
131837
48148
64244
92388
58097
177995
6115
161801
47760
163542
117099
138551
35129
37117
189651
146727
52623
22602
124134
186576
120878
21099
17812
182452
32471
134586
175355
60
93703
170633
168302
113499
99246
59884
106663
116189
18462
76240
41102
151047
181537
45242
42889
50025
164523
164158
50550
56702
20004
172068
23405
148058
161687
174147
144255
11654
145464
34146
141049
29807
159104
143884
75272
89040
64754
109770
9138
51911
51843
78278
91624
180543
177130
12907
88396
5206
76976
72755
127089
86962
53475
156852
18056
114778
24197
23948
135040
49389
110265
2412
17244
141179
108541
75338
133849
128837
24919
111490
157643
53580
8875
33760
169068
13175
170663
166457
171241
124718
97201
135860
79952
142829
113030
9893
17325
89811
40110
51865
155805
188002
9338
108118
163505
164749
166961
99441
34072
154140
33975
158379
138840
149768
117505
167787
150180
15111
38159
68878
172791
123946
79526
32065
69178
170096
80878
126613
83367
190146
190444
21054
115739
42553
81660
180708
29992
90189
66313
149406
188214
130457
79455
138113
30284
107228
55086
151422
182003
178394
182584
102161
147143
40457
27856
168787
52302
78891
111542
175290
184066
147307
123846
135903
31096
3680
31030
8213
139553
71206
59638
16590
83514
20774
151028
13317
145259
153113
81437
129900
95011
167027
129716
2177
45264
142484
49718
36344
181449
4394
113653
78790
128486
158566
185917
68397
177676
71499
186680
94013
98995
145119
172639
11113
34233
122891
55228
174005
154927
141770
169086
127070
38753
190650
140922
123769
94671
108884
62408
52152
33812
799
21119
130933
77113
483
26529
152982
102825
8092
56473
36494
167155
8614
178231
185970
163737
46424
26200
124158
174578
172247
88239
137940
127131
175920
90445
96508
118273
86351
162211
85887
157122
110055
16692
158980
15206
127887
165270
87472
91579
172659
61498
130057
96677
179474
90256
165650
175898
1924
60015
102903
121593
110843
8428
129316
92131
155883
112137
28836
80416
113764
101399
141997
42377
100382
74324
146883
45104
33070
10641
118963
90102
54053
83000
126260
59091
127520
85179
9887
77736
133695
50544
8366
141606
172760
6068
132426
180534
104448
84961
188173
86958
167734
113461
13671
78735
163386
34025
66515
6882
157090
145023
160974
173695
79009
15338
51240
151409
68624
41625
75164
8515
129416
153601
142859
44500
10353
175998
18138
69355
169763
64888
3735
118637
82230
98050
176643
118786
168342
182222
37300
52489
158373
32815
46308
154511
76023
16829
19187
91936
106928
78234
172858
64210
28589
23845
29575
55029
76406
150473
146773
112384
164108
7811
106174
188566
183702
96495
55693
120245
92900
110350
147733
44854
15492
142695
74480
46870
181741
163883
185160
187228
170599
2084
109831
150917
51845
168902
11123
181639
133236
185485
110657
58889
121535
99363
188822
6710
17088
112327
95428
92940
87908
24503
104693
168037
147113
11208
37818
99932
3941
65335
167115
31585
57304
120307
78900
6937
33802
127066
51882
161494
74756
19937
45533
65149
178688
105795
153980
183355
141504
119744
65765
169938
17988
87498
104740
132863
49294
132998
75288
70041
71909
67682
80689
34567
88255
154313
53193
154244
29649
150620
137898
15110
113309
159749
181173
165521
138962
126607
151228
136393
78683
136090
109076
84164
125832
83894
53313
48350
154684
129429
17400
161262
99170
89839
43865
43929
144246
80074
101750
11821
191105
157917
162004
11611
187467
15166
23858
168109
21951
163709
189887
38302
184596
157515
6928
104629
183757
143044
102418
112465
46959
180482
162489
38696
122126
33682
1800
74273
183333
34594
14034
10527
71322
40141
61586
34609
40907
137283
181206
12588
82808
52048
61510
88688
50173
113431
71216
126903
64
30099
120508
185651
189199
147811
21843
183158
59553
8841
181225
148378
135940
132564
80515
135029
91145
129064
39031
121664
158030
62486
105278
143708
62437
186184
94741
177967
24818
138621
74456
155403
169618
182028
69627
162867
5021
180799
20886
93623
95386
119013
129050
26097
57191
25994
181720
154635
6510
156728
80590
19112
68593
124454
135852
119703
108887
89709
53844
41879
69039
120028
159054
98826
28744
92627
159881
103847
97926
5069
48789
149746
8593
35876
138241
21397
77475
6656
35460
92638
140158
69054
123926
126314
93613
183665
159874
44072
88003
106347
139616
36950
39245
94468
8635
88776
5951
67984
36427
94143
170811
58129
127273
137810
157894
164353
44652
7995
158644
134756
117397
55772
119288
136488
172159
70416
41881
55672
108742
32214
121836
96020
146273
165399
117407
91605
54952
102122
77104
153525
179622
189931
144630
33015
13505
120794
108805
131948
126538
167978
47554
16450
55140
22651
17549
77456
94148
174282
39844
144391
163550
182274
36060
27982
127746
120097
164873
58281
188873
112725
48619
185598
54562
8855
156962
158625
72108
142445
91881
134051
82367
98161
2360
191979
73096
163814
39
71075
64126
109506
162244
43157
19567
90594
94064
132834
63071
167079
184544
83150
50242
71698
124799
147435
7012
149222
135035
130445
151866
37390
26095
174382
154358
105200
125824
117800
164718
56481
183436
14808
20361
93325
188621
24998
83549
50759
49506
69474
182840
31747
38206
94517
120055
11452
164656
132433
9472
44744
190826
139595
167286
142658
163163
158244
159943
104362
49899
135851
8127
74414
101373
5323
173597
44604
100192
56365
137928
87949
128422
117318
10542
29353
79410
177379
23211
153996
149049
127417
86574
67170
100146
45656
99965
172118
33184
91396
174743
117490
29576
179282
98736
82446
157906
99781
19011
41438
133466
156780
80212
63082
37665
125718
96175
12052
18822
171421
50670
134022
153371
174859
130718
19125
84137
19906
78799
21290
142101
80911
184909
159075
185347
18586
9879
150534
90916
132613
95843
186325
29568
190714
154248
105465
40043
161785
138544
136702
68555
107720
28333
152531
95869
137647
150135
168079
108269
7816
179272
16870
118125
33775
165749
11238
53579
151288
46088
142516
130289
188054
88654
11621
150644
45105
133645
140557
114435
59384
24114
919
95337
77030
6256
113333
133687
32065
63695
93908
177087
169694
114052
87487
181882
122720
95604
88500
10034
180676
184819
32990
146511
45891
108487
7119
64124
87261
31002
117127
56902
191798
143330
35650
76214
159429
14437
54180
102631
68601
170196
10423
91705
189634
76872
171439
119675
170631
176326
183126
190218
6183
164218
176302
134948
121424
141121
42456
35207
29259
107589
81061
165031
19552
177155
141375
44845
124350
109116
164026
14269
60785
8764
13961
34713
65174
117608
87020
2030
132081
175162
39164
177291
83337
56633
161042
55759
163445
58741
3856
117847
59698
4284
67664
132322
66365
152128
46424
99798
163685
813
28484
78900
166406
101458
74049
102217
129291
23822
50736
79072
60125
168666
71671
189759
169813
25302
156892
163952
160769
179221
153849
174767
7851
173122
102966
32196
13101
37597
137644
107586
118924
68149
130567
16256
25699
104541
141621
187029
105535
124418
19908
31751
160801
39329
48280
181069
86708
188030
56189
25569
92383
126946
97182
47481
52495
142904
137830
128793
142784
38617
119480
86889
131459
130237
11743
54523
77694
159177
106888
94060
2667
171821
175585
10088
164193
158848
6780
121464
51884
191594
82528
165618
110234
165023
179606
1025
173590
144596
87802
4149
30916
119747
25869
99709
29029
175332
171299
182385
108213
2705
95455
16749
130222
173726
26721
122037
142871
137725
112602
86055
7550
156031
61970
166258
102480
118219
27853
184302
118652
103764
118131
41593
8991
113718
36903
105487
23200
154103
169688
37480
169998
85777
180319
38487
37060
126266
54990
12239
39913
122044
74530
144262
45924
161093
98988
83595
13347
183608
159828
163161
117450
156999
115263
68621
137123
179028
74474
40173
167007
110395
118731
111601
63492
34163
44818
76107
26561
68418
81880
179963
29671
83870
48037
175470
76489
9534
46856
84091
1615
140083
98457
170337
161314
149357
127561
4811
173039
60951
40486
55066
178288
74118
121992
41572
53584
110287
66093
182324
145938
103847
136313
185627
76396
115659
71920
35288
112383
17866
2769
175187
158083
106563
192118
112658
21290
156096
163251
111183
44100
27570
57705
187674
127221
178407
126278
11540
14866
87900
96961
152239
38458
93831
129466
32482
76760
1065
58865
62730
188606
136140
58884
30049
1382
121509
145434
164164
179107
96171
183276
71485
145228
107522
111143
21490
118956
81340
146534
48525
126129
107158
179861
95785
40038
160408
130048
165127
43487
79938
15471
107936
58821
168763
182556
169595
54682
112743
33674
87343
97871
80850
60248
41490
119435
143709
38387
170343
135606
62186
123206
17550
191286
129679
111155
50876
29371
28708
174377
13129
177718
142449
109252
65010
113570
91018
112894
153041
35053
158688
187771
43793
9852
121533
4652
174784
189955
182960
84152
107853
109109
30851
115098
21703
99474
24900
28323
13342
122352
15549
13793
92714
164475
137164
150788
184851
103169
53943
173883
4867
126712
81933
188521
69841
14288
23975
174420
163117
31152
41615
83520
80271
15592
67970
114811
99182
100987
30682
178662
153296
8401
75019
89812
123420
112094
11446
86615
189689
66624
67404
91497
59144
63361
5496
33993
152354
108118
19496
119428
91289
158034
18257
16487
7682
187207
94022
111575
173970
170620
136903
45419
10634
134022
172026
141748
25695
7112
113224
10358
100681
58707
3259
163522
120191
105923
182436
23017
68030
94794
119772
164226
137082
145270
176437
37766
63631
138402
15726
58422
191968
88167
149136
108326
77370
90783
133975
78700
69497
41325
63755
192122
168709
148489
172504
159255
147706
93213
560
71957
157302
79620
105486
130095
141502
130969
140710
9869
20219
82498
22479
27374
141096
144345
2183
116580
91446
45908
182024
71987
143412
27636
179444
51027
188999
28712
80039
122607
24957
172948
157526
99092
37931
48367
27935
132393
60449
130319
36627
23968
103795
84596
51156
32624
166848
78981
21114
48268
54995
53913
100329
41962
27187
3838
164273
68508
185938
113137
37291
18526
117129
46427
146103
18885
182704
76501
733
185566
101184
164998
153199
155716
62759
94799
54389
148994
173542
32134
183856
147279
144202
186782
68050
138646
168323
165502
238
183037
75374
43900
149541
15817
150856
84705
17786
116418
101078
161263
11052
75851
174018
148235
102025
48805
35398
70157
145063
145281
175297
62690
72647
75445
139517
61034
170188
136022
84356
173611
120576
135552
52208
170382
133225
188218
132458
15594
126211
47749
139481
22809
144279
80491
22634
119344
78757
139172
70999
90041
140928
143620
48370
115896
170656
25656
125597
125488
138874
69359
56146
189967
92714
101820
130699
184665
30181
67626
22416
161345
23799
23131
185445
5200
32821
94132
126003
183597
129862
164206
16246
66857
68278
33204
183538
118206
74483
28983
77206
36817
132735
32123
38709
189652
70409
129329
185096
147100
102348
136910
35495
46407
74664
82970
101122
84691
132500
287
168390
112652
186486
124743
27086
141258
97925
182595
184193
147804
5823
90516
72242
27336
75143
35191
86831
61450
39194
131739
49275
48433
42504
165783
149990
67437
27755
154770
11372
187164
